-7.434034e-02
-8.021583e-02
-7.361084e-02
-6.417286e-02
-6.035987e-02
-5.913037e-02
-6.140137e-02
-5.480713e-02
-5.523438e-02
-5.623438e-02
-5.859913e-02
-5.445313e-02
-5.457813e-02
-5.367188e-02
-5.783887e-02
-5.567188e-02
-5.344239e-02
-5.194239e-02
-5.051514e-02
-5.648438e-02
-5.515088e-02
-4.719190e-02
-5.100489e-02
-4.869190e-02
-4.968164e-02
-5.461963e-02
-5.241114e-02
-5.257764e-02
-4.959815e-02
-5.236963e-02
-4.433740e-02
-4.503565e-02
-4.507715e-02
-5.349463e-02
-5.002539e-02
-6.173487e-02
-9.016456e-02
-1.098018e-01
-1.126148e-01
-1.180005e-01
-1.077080e-01
-1.087393e-01
-7.995557e-02
-5.676563e-02
-4.328516e-02
-4.588965e-02
-3.876416e-02
-3.321143e-02
-3.373242e-02
-3.230518e-02
-3.301367e-02
-3.133643e-02
-2.488770e-02
-2.807569e-02
-2.676270e-02
-2.946094e-02
-2.478369e-02
-2.859619e-02
-2.678369e-02
-2.263770e-02
-2.695020e-02
-2.726319e-02
-2.183545e-02
-2.133545e-02
